mytxt <- "
date age gender
20201101 25 1
20210601 68 2
20200801 32 1
20221001 36 1
20200201 70 2
"
group <- c("old", "young")

x<-c(77,56,98,69,35,37,79,33,28,36,92,50)